1	458117	111274	1251	23666	594308
1	220744	141992	2234	35835	400805
1	205505	134878	1691	39153	381227
1	25518	652	66	20	26256
1	245611	151420	1653	39787	438471
1	225931	25386	267	189	251773
1	205785	21680	266	215	227946
1	20735	205	10	3	20953
1	20563	347	25	3	20938
1	20598	601	76	14	21289
1	15580	591	51	12	16234
1	20623	647	79	15	21364
1	15897	6079	61	17	22054
1	15990	6032	56	12	22090
1	15650	1416	62	16	17144
1	15974	964	78	20	17036
1	230715	166892	2470	58010	458087
1	205646	144920	1580	54049	406195
1	220780	150329	1588	40252	412949
1	230648	148393	1573	34076	414690
1	200686	131406	1647	34983	368722
1	215637	131937	1574	33662	382810
1	215622	133520	1615	35653	386411
1	235696	152362	1718	40423	430199
1	15578	698	68	9	16353
1	15592	452	52	13	16109
1	15699	402	46	12	16159
1	10666	101	8	2	10777
1	10675	125	7	2	10809
1	16770	155	10	3	16938
1	15434	153	9	2	15598
1	10810	121	6	2	10939
1	15913	205	18	12	16148
1	15796	213	14	18	16041
1	120680	26117	728	13206	160731
1	115844	23801	540	11817	152002
1	105557	24752	622	13166	144097
1	120663	33313	706	13292	167974
1	115680	24073	578	11788	152119
1	105502	23747	492	11985	141726
1	110498	23769	533	11033	145833
1	105554	23851	537	11489	141431
1	105634	24290	478	10445	140847
1	92740	1455	175	615	94985
1	99297	3480	275	1310	104362
1	82718	1423	158	602	84901
1	88744	2682	245	860	92531
1	78129	1895	217	790	81031
1	75226	1548	192	744	77710
1	76757	1537	175	641	79110
1	77584	1734	248	653	80219
1	81013	1627	164	681	83485
1	81372	2336	211	1142	85061
1	81436	2422	228	1063	85149
1	97101	21637	512	10655	129905
1	84668	1429	159	628	86884
1	92409	1677	257	767	95110
1	109108	2592	371	922	112993
1	503280	12643	620	2190	518733
1	217607	600	200	95	218502
1	214039	350	101	53	214543
1	187239	11134	467	1882	200722
1	144359	71773	763	2785	219680
1	145427	77190	858	3058	226533
1	156048	75790	765	3212	235815
1	166634	87147	745	4211	258737
1	169624	81063	812	5342	256841
1	166342	72932	699	1713	241686
1	160172	80043	937	13117	254269
1	150491	75493	944	13339	240267
1	161154	67857	788	4071	233870
1	154438	77255	871	4484	237048
1	149357	74977	781	4347	229462
1	143244	65664	793	4070	213771
1	148630	72194	811	4041	225676
1	142407	70774	785	4616	218582
1	109248	31134	563	2453	143398
1	107375	29144	416	2157	139092
1	72726	170948	451	8157	252282
1	68081	166194	452	8176	242903
1	63689	24882	323	1154	90048
1	58025	22609	356	1182	82172
1	61158	23734	365	1261	86518
1	87000	23812	463	8168	119443
1	59937	23910	347	1085	85279
1	62330	26156	470	1283	90239
1	325271	25869	355	8326	359821
1	189393	23284	523	8009	221209
1	15850	3182	47	11	19090
1	15932	3362	47	12	19353
1	102475	955800	520	12057	1070852
1	95989	1002611	501	10914	1110015
1	55828	677456	326	5915	739525
1	229543	114716	1317	27027	372603
1	205084	81377	845	3460	290766
1	203898	78292	948	3977	287115
1	198561	74388	705	3477	277131
1	202073	66840	852	3515	273280
